Time: 1.0

Model:

[[-4.32040822e-04 -6.51009999e-05 -5.72326995e-05 -4.81958902e-05
  -3.81423083e-05 -2.72687594e-05 -1.58163403e-05 -4.06787204e-06
   7.65666442e-06  1.90068519e-05  2.96108131e-05  3.90864445e-05
   4.70548105e-05  5.31554734e-05  5.70633998e-05  5.85069350e-05
   5.72861855e-05  5.32909974e-05  4.65175874e-05  3.70827652e-05
   2.52346100e-05  1.13584357e-05 -4.02309240e-06 -2.02567217e-05
  -3.65731049e-05 -5.21095947e-05 -6.59415480e-05 -7.71218914e-05
  -8.47281677e-05 -8.79156862e-05 -8.59747652e-05 -7.83894231e-05
  -6.48942769e-05 -4.55259011e-05 -2.06645374e-05  8.93811830e-06
   4.21492289e-05  7.74670142e-05  1.13057874e-04  1.76360972e-03]
 [-4.26721683e-04 -6.42994985e-05 -5.65280700e-05 -4.76025189e-05
  -3.76727132e-05 -2.69330357e-05 -1.56216149e-05 -4.01778978e-06
   7.56239818e-06  1.87728461e-05  2.92462548e-05  3.86052255e-05
   4.64754878e-05  5.25010413e-05  5.63608546e-05  5.77866176e-05
   5.65808975e-05  5.26348967e-05  4.59448787e-05  3.66262148e-05
   2.49239301e-05  1.12185945e-05 -3.97356145e-06 -2.00073278e-05
  -3.61228293e-05 -5.14680391e-05 -6.51296982e-05 -7.61723929e-05
  -8.36850234e-05 -8.68332982e-05 -8.49162732e-05 -7.74243192e-05
  -6.40953206e-05 -4.49654017e-05 -2.04101226e-05  8.82807523e-06
   4.16303019e-05  7.65132668e-05  1.11665944e-04  1.74189675e-03]
 [-4.10895239e-04 -6.19147301e-05 -5.44315318e-05 -4.58370155e-05
  -3.62754908e-05 -2.59341313e-05 -1.50422335e-05 -3.86877622e-06
   7.28192058e-06  1.80765904e-05  2.81615567e-05  3.71734177e-05
   4.47517842e-05  5.05538594e-05  5.42705182e-05  5.56434018e-05
   5.44824000e-05  5.06827503e-05  4.42408546e-05  3.52678055e-05
   2.39995403e-05  1.08025143e-05 -3.82618824e-06 -1.92652872e-05
  -3.47830898e-05 -4.95591696e-05 -6.27141390e-05 -7.33472774e-05
  -8.05812760e-05 -8.36127862e-05 -8.17668607e-05 -7.45527716e-05
  -6.17181249e-05 -4.32977049e-05 -1.96531429e-05  8.50065566e-06
   4.00862988e-05  7.36755087e-05  1.07524427e-04  1.67729251e-03]
 [-3.84951191e-04 -5.80054156e-05 -5.09947086e-05 -4.29428526e-05
  -3.39850455e-05 -2.42966425e-05 -1.40924624e-05 -3.62450053e-06
   6.82213796e-06  1.69352291e-05  2.63834276e-05  3.48262770e-05
   4.19261432e-05  4.73618737e-05  5.08438615e-05  5.21300608e-05
   5.10423650e-05  4.74826263e-05  4.14474739e-05  3.30409857e-05
   2.24842021e-05  1.01204403e-05 -3.58460158e-06 -1.80488712e-05
  -3.25868751e-05 -4.64299889e-05 -5.87543495e-05 -6.87161084e-05
  -7.54933502e-05 -7.83334500e-05 -7.66040767e-05 -6.98454874e-05
  -5.78212241e-05 -4.05638749e-05 -1.84122376e-05  7.96392174e-06
   3.75552379e-05  6.90236151e-05  1.00735303e-04  1.57138776e-03]
 [-3.49528367e-04 -5.26678152e-05 -4.63022265e-05 -3.89912943e-05
  -3.08577756e-05 -2.20608898e-05 -1.27956881e-05 -3.29097759e-06
   6.19437163e-06  1.53768662e-05  2.39556510e-05  3.16215978e-05
   3.80681414e-05  4.30036813e-05  4.61652602e-05  4.73331047e-05
   4.63454976e-05  4.31133225e-05  3.76335187e-05  3.00005872e-05
   2.04152283e-05  9.18916753e-06 -3.25475012e-06 -1.63880321e-05
  -2.95882634e-05 -4.21575477e-05 -5.33478330e-05 -6.23929208e-05
  -6.85465276e-05 -7.11252842e-05 -6.95550462e-05 -6.34183754e-05
  -5.25005728e-05 -3.68312277e-05 -1.67179619e-05  7.23108962e-06
   3.40994425e-05  6.26721310e-05  9.14657410e-05  1.42679023e-03]
 [-3.05498995e-04 -4.60333585e-05 -4.04696299e-05 -3.40796408e-05
  -2.69706849e-05 -1.92819247e-05 -1.11838414e-05 -2.87641988e-06
   5.41407931e-06  1.34398739e-05  2.09380067e-05  2.76382899e-05
   3.32727756e-05  3.75865957e-05  4.03499170e-05  4.13706505e-05
   4.05074502e-05  3.76824256e-05  3.28929015e-05  2.62214747e-05
   1.78435638e-05  8.03162692e-06 -2.84475591e-06 -1.43236653e-05
  -2.58610905e-05 -3.68470478e-05 -4.66277158e-05 -5.45334124e-05
  -5.99118619e-05 -6.21657779e-05 -6.07933395e-05 -5.54296926e-05
  -4.58871833e-05 -3.21916734e-05 -1.46120345e-05  6.32020406e-06
   2.98040056e-05  5.47774511e-05  7.99439890e-05  1.24706039e-03]
 [-2.53947224e-04 -3.82654076e-05 -3.36405367e-05 -2.83288335e-05
  -2.24194863e-05 -1.60281746e-05 -9.29661155e-06 -2.39103515e-06
   4.50047447e-06  1.11719473e-05  1.74047992e-05  2.29744357e-05
   2.76581237e-05  3.12440034e-05  3.35410248e-05  3.43895136e-05
   3.36719750e-05  3.13236623e-05  2.73423518e-05  2.17967025e-05
   1.48325316e-05  6.67632100e-06 -2.36471438e-06 -1.19066023e-05
  -2.14971317e-05 -3.06292513e-05 -3.87594694e-05 -4.53311104e-05
  -4.98019674e-05 -5.16755438e-05 -5.05346991e-05 -4.60761468e-05
  -3.81438989e-05 -2.67594533e-05 -1.21463103e-05  5.25369411e-06
   2.47746951e-05  4.55339685e-05  6.64537507e-05  1.03662378e-03]
 [-1.96142429e-04 -2.95552355e-05 -2.59831018e-05 -2.18804763e-05
  -1.73162456e-05 -1.23797577e-05 -7.18046820e-06 -1.84677523e-06
   3.47605288e-06  8.62893021e-06  1.34430278e-05  1.77448744e-05
   2.13624370e-05  2.41320800e-05  2.59062414e-05  2.65615927e-05
   2.60073840e-05  2.41936065e-05  2.11185427e-05  1.68352231e-05
   1.14562732e-05  5.15662189e-06 -1.82644573e-06 -9.19635921e-06
  -1.66038422e-05 -2.36572610e-05 -2.99368364e-05 -3.50126060e-05
  -3.84657832e-05 -3.99128863e-05 -3.90317266e-05 -3.55880534e-05
  -2.94613852e-05 -2.06683266e-05 -9.38150359e-06  4.05782085e-06
   1.91353495e-05  3.51692885e-05  5.13272005e-05  8.00662057e-04]
 [-1.33507956e-04 -2.01173153e-05 -1.76858768e-05 -1.48933491e-05
  -1.17866215e-05 -8.42651008e-06 -4.88751791e-06 -1.25704157e-06
   2.36603945e-06  5.87344024e-06  9.15024445e-06  1.20783756e-05
   1.45407361e-05  1.64259446e-05  1.76335603e-05  1.80796372e-05
   1.77024049e-05  1.64678238e-05  1.43747250e-05  1.14592046e-05
   7.79792333e-06  3.50994967e-06 -1.24320392e-06 -6.25967126e-06
  -1.13017110e-05 -1.61027503e-05 -2.03770590e-05 -2.38319751e-05
  -2.61824437e-05 -2.71674411e-05 -2.65676635e-05 -2.42236639e-05
  -2.00534344e-05 -1.40682771e-05 -6.38569319e-06  2.76203050e-06
   1.30248280e-05  2.39386239e-05  3.49368043e-05  5.44985374e-04]
 [-6.75860749e-05 -1.01840401e-05 -8.95316671e-06 -7.53949831e-06
  -5.96677157e-06 -4.26577378e-06 -2.47422074e-06 -6.36355413e-07
   1.19776623e-06  2.97332676e-06  4.63215168e-06  6.11446702e-06
   7.36099414e-06  8.31534806e-06  8.92668241e-06  9.15250108e-06
   8.96153377e-06  8.33654864e-06  7.27695390e-06  5.80102253e-06
   3.94756271e-06  1.77685081e-06 -6.29350314e-07 -3.16884942e-06
  -5.72129410e-06 -8.15173658e-06 -1.03155308e-05 -1.20645219e-05
  -1.32544056e-05 -1.37530434e-05 -1.34494164e-05 -1.22628074e-05
  -1.01517015e-05 -7.12181997e-06 -3.23264585e-06  1.39822973e-06
   6.59359210e-06  1.21185109e-05  1.76861480e-05  2.75889343e-04]
 [ 0.00000000e+00  4.32986980e-15  8.67361738e-15  1.73472348e-14
   1.73472348e-14  0.00000000e+00  0.00000000e+00  0.00000000e+00
  -3.46944695e-14  0.00000000e+00  0.00000000e+00  0.00000000e+00
   3.46944695e-14  3.46944695e-14  0.00000000e+00  0.00000000e+00
   3.46944695e-14 -3.46944695e-14  0.00000000e+00  0.00000000e+00
   0.00000000e+00  0.00000000e+00  0.00000000e+00 -5.27355937e-16
  -8.68749517e-15  0.00000000e+00  0.00000000e+00 -3.46944695e-14
   0.00000000e+00  0.00000000e+00  0.00000000e+00  0.00000000e+00
   0.00000000e+00  0.00000000e+00  0.00000000e+00  0.00000000e+00
   3.46944695e-14  0.00000000e+00 -1.73472348e-14 -8.65973959e-15]
 [ 6.75860749e-05  1.01840401e-05  8.95316671e-06  7.53949831e-06
   5.96677157e-06  4.26577378e-06  2.47422074e-06  6.36355413e-07
  -1.19776623e-06 -2.97332676e-06 -4.63215168e-06 -6.11446702e-06
  -7.36099414e-06 -8.31534806e-06 -8.92668241e-06 -9.15250108e-06
  -8.96153377e-06 -8.33654864e-06 -7.27695390e-06 -5.80102253e-06
  -3.94756271e-06 -1.77685081e-06  6.29350314e-07  3.16884942e-06
   5.72129410e-06  8.15173658e-06  1.03155308e-05  1.20645219e-05
   1.32544056e-05  1.37530434e-05  1.34494164e-05  1.22628074e-05
   1.01517015e-05  7.12181997e-06  3.23264585e-06 -1.39822973e-06
  -6.59359210e-06 -1.21185109e-05 -1.76861480e-05 -2.75889343e-04]
 [ 1.33507956e-04  2.01173153e-05  1.76858768e-05  1.48933491e-05
   1.17866215e-05  8.42651006e-06  4.88751791e-06  1.25704161e-06
  -2.36603938e-06 -5.87344028e-06 -9.15024445e-06 -1.20783756e-05
  -1.45407362e-05 -1.64259446e-05 -1.76335603e-05 -1.80796372e-05
  -1.77024049e-05 -1.64678238e-05 -1.43747250e-05 -1.14592047e-05
  -7.79792331e-06 -3.50994966e-06  1.24320392e-06  6.25967127e-06
   1.13017110e-05  1.61027503e-05  2.03770590e-05  2.38319751e-05
   2.61824437e-05  2.71674411e-05  2.65676635e-05  2.42236639e-05
   2.00534344e-05  1.40682772e-05  6.38569322e-06 -2.76203047e-06
  -1.30248281e-05 -2.39386239e-05 -3.49368043e-05 -5.44985374e-04]
 [ 1.96142429e-04  2.95552355e-05  2.59831019e-05  2.18804763e-05
   1.73162456e-05  1.23797577e-05  7.18046823e-06  1.84677520e-06
  -3.47605288e-06 -8.62893017e-06 -1.34430278e-05 -1.77448745e-05
  -2.13624370e-05 -2.41320799e-05 -2.59062414e-05 -2.65615927e-05
  -2.60073840e-05 -2.41936065e-05 -2.11185427e-05 -1.68352231e-05
  -1.14562732e-05 -5.15662190e-06  1.82644572e-06  9.19635920e-06
   1.66038422e-05  2.36572610e-05  2.99368363e-05  3.50126060e-05
   3.84657832e-05  3.99128863e-05  3.90317266e-05  3.55880534e-05
   2.94613851e-05  2.06683266e-05  9.38150363e-06 -4.05782085e-06
  -1.91353495e-05 -3.51692885e-05 -5.13272005e-05 -8.00662057e-04]
 [ 2.53947224e-04  3.82654076e-05  3.36405367e-05  2.83288335e-05
   2.24194863e-05  1.60281746e-05  9.29661154e-06  2.39103515e-06
  -4.50047445e-06 -1.11719473e-05 -1.74047992e-05 -2.29744357e-05
  -2.76581237e-05 -3.12440033e-05 -3.35410248e-05 -3.43895136e-05
  -3.36719750e-05 -3.13236623e-05 -2.73423518e-05 -2.17967025e-05
  -1.48325316e-05 -6.67632098e-06  2.36471440e-06  1.19066023e-05
   2.14971317e-05  3.06292513e-05  3.87594695e-05  4.53311104e-05
   4.98019675e-05  5.16755438e-05  5.05346991e-05  4.60761469e-05
   3.81438989e-05  2.67594533e-05  1.21463103e-05 -5.25369416e-06
  -2.47746951e-05 -4.55339685e-05 -6.64537508e-05 -1.03662378e-03]
 [ 3.05498995e-04  4.60333585e-05  4.04696299e-05  3.40796408e-05
   2.69706849e-05  1.92819247e-05  1.11838415e-05  2.87641990e-06
  -5.41407932e-06 -1.34398739e-05 -2.09380067e-05 -2.76382900e-05
  -3.32727756e-05 -3.75865957e-05 -4.03499170e-05 -4.13706506e-05
  -4.05074502e-05 -3.76824256e-05 -3.28929015e-05 -2.62214748e-05
  -1.78435639e-05 -8.03162694e-06  2.84475588e-06  1.43236653e-05
   2.58610905e-05  3.68470478e-05  4.66277158e-05  5.45334124e-05
   5.99118619e-05  6.21657779e-05  6.07933395e-05  5.54296926e-05
   4.58871833e-05  3.21916734e-05  1.46120345e-05 -6.32020403e-06
  -2.98040055e-05 -5.47774511e-05 -7.99439890e-05 -1.24706039e-03]
 [ 3.49528367e-04  5.26678152e-05  4.63022265e-05  3.89912943e-05
   3.08577756e-05  2.20608897e-05  1.27956881e-05  3.29097759e-06
  -6.19437165e-06 -1.53768663e-05 -2.39556510e-05 -3.16215978e-05
  -3.80681414e-05 -4.30036814e-05 -4.61652602e-05 -4.73331047e-05
  -4.63454976e-05 -4.31133225e-05 -3.76335187e-05 -3.00005872e-05
  -2.04152283e-05 -9.18916751e-06  3.25475014e-06  1.63880321e-05
   2.95882635e-05  4.21575477e-05  5.33478330e-05  6.23929208e-05
   6.85465276e-05  7.11252842e-05  6.95550461e-05  6.34183754e-05
   5.25005729e-05  3.68312277e-05  1.67179619e-05 -7.23108960e-06
  -3.40994425e-05 -6.26721311e-05 -9.14657411e-05 -1.42679023e-03]
 [ 3.84951191e-04  5.80054156e-05  5.09947086e-05  4.29428526e-05
   3.39850455e-05  2.42966425e-05  1.40924624e-05  3.62450053e-06
  -6.82213794e-06 -1.69352291e-05 -2.63834276e-05 -3.48262770e-05
  -4.19261432e-05 -4.73618737e-05 -5.08438615e-05 -5.21300608e-05
  -5.10423650e-05 -4.74826263e-05 -4.14474739e-05 -3.30409857e-05
  -2.24842021e-05 -1.01204403e-05  3.58460160e-06  1.80488712e-05
   3.25868751e-05  4.64299889e-05  5.87543495e-05  6.87161084e-05
   7.54933502e-05  7.83334500e-05  7.66040767e-05  6.98454874e-05
   5.78212241e-05  4.05638749e-05  1.84122376e-05 -7.96392173e-06
  -3.75552380e-05 -6.90236151e-05 -1.00735303e-04 -1.57138776e-03]
 [ 4.10895239e-04  6.19147301e-05  5.44315318e-05  4.58370155e-05
   3.62754909e-05  2.59341313e-05  1.50422335e-05  3.86877621e-06
  -7.28192058e-06 -1.80765904e-05 -2.81615567e-05 -3.71734177e-05
  -4.47517842e-05 -5.05538594e-05 -5.42705182e-05 -5.56434018e-05
  -5.44824000e-05 -5.06827503e-05 -4.42408546e-05 -3.52678055e-05
  -2.39995403e-05 -1.08025143e-05  3.82618823e-06  1.92652872e-05
   3.47830898e-05  4.95591696e-05  6.27141390e-05  7.33472773e-05
   8.05812760e-05  8.36127862e-05  8.17668607e-05  7.45527716e-05
   6.17181249e-05  4.32977049e-05  1.96531429e-05 -8.50065565e-06
  -4.00862988e-05 -7.36755087e-05 -1.07524427e-04 -1.67729251e-03]
 [ 8.53959463e-04  4.97692505e-04  4.90186922e-04  4.75053185e-04
   4.51930136e-04  4.20598501e-04  3.81004769e-04  3.33283553e-04
   2.77777426e-04  2.15053126e-04  1.45913000e-04  7.14004983e-05
  -7.20139727e-06 -8.83798760e-05 -1.70411027e-04 -2.51388290e-04
  -3.29261023e-04 -4.01883249e-04 -4.67072183e-04 -5.22675694e-04
  -5.66647296e-04 -5.97126715e-04 -6.12523504e-04 -6.11600640e-04
  -5.93554535e-04 -5.58087523e-04 -5.05468575e-04 -4.36577962e-04
  -3.52931643e-04 -2.56681549e-04 -1.50588552e-04 -3.79657962e-05
   7.74087470e-05  1.91410196e-04  2.99713203e-04  3.97963175e-04
   4.81966620e-04  5.47893154e-04  5.92479974e-04 -9.83655769e-04]]

*************************************************************************************

Data:

[[-4.32040822e-04 -6.51009999e-05 -5.72326995e-05 -4.81958902e-05
  -3.81423083e-05 -2.72687594e-05 -1.58163403e-05 -4.06787204e-06
   7.65666442e-06  1.90068519e-05  2.96108131e-05  3.90864445e-05
   4.70548105e-05  5.31554734e-05  5.70633998e-05  5.85069350e-05
   5.72861855e-05  5.32909974e-05  4.65175874e-05  3.70827652e-05
   2.52346100e-05  1.13584357e-05 -4.02309240e-06 -2.02567217e-05
  -3.65731049e-05 -5.21095947e-05 -6.59415480e-05 -7.71218914e-05
  -8.47281677e-05 -8.79156862e-05 -8.59747652e-05 -7.83894231e-05
  -6.48942769e-05 -4.55259011e-05 -2.06645374e-05  8.93811830e-06
   4.21492289e-05  7.74670142e-05  1.13057874e-04  1.76360972e-03]
 [-4.26721683e-04 -6.42994985e-05 -5.65280700e-05 -4.76025189e-05
  -3.76727132e-05 -2.69330357e-05 -1.56216149e-05 -4.01778978e-06
   7.56239818e-06  1.87728461e-05  2.92462548e-05  3.86052255e-05
   4.64754878e-05  5.25010413e-05  5.63608546e-05  5.77866176e-05
   5.65808975e-05  5.26348967e-05  4.59448787e-05  3.66262148e-05
   2.49239301e-05  1.12185945e-05 -3.97356145e-06 -2.00073278e-05
  -3.61228293e-05 -5.14680391e-05 -6.51296982e-05 -7.61723929e-05
  -8.36850234e-05 -8.68332982e-05 -8.49162732e-05 -7.74243192e-05
  -6.40953206e-05 -4.49654017e-05 -2.04101226e-05  8.82807523e-06
   4.16303019e-05  7.65132668e-05  1.11665944e-04  1.74189675e-03]
 [-4.10895239e-04 -6.19147301e-05 -5.44315318e-05 -4.58370155e-05
  -3.62754908e-05 -2.59341313e-05 -1.50422335e-05 -3.86877622e-06
   7.28192058e-06  1.80765904e-05  2.81615567e-05  3.71734177e-05
   4.47517842e-05  5.05538594e-05  5.42705182e-05  5.56434018e-05
   5.44824000e-05  5.06827503e-05  4.42408546e-05  3.52678055e-05
   2.39995403e-05  1.08025143e-05 -3.82618824e-06 -1.92652872e-05
  -3.47830898e-05 -4.95591696e-05 -6.27141390e-05 -7.33472774e-05
  -8.05812760e-05 -8.36127862e-05 -8.17668607e-05 -7.45527716e-05
  -6.17181249e-05 -4.32977049e-05 -1.96531429e-05  8.50065566e-06
   4.00862988e-05  7.36755087e-05  1.07524427e-04  1.67729251e-03]
 [-3.84951191e-04 -5.80054156e-05 -5.09947086e-05 -4.29428526e-05
  -3.39850455e-05 -2.42966425e-05 -1.40924624e-05 -3.62450053e-06
   6.82213796e-06  1.69352291e-05  2.63834276e-05  3.48262770e-05
   4.19261432e-05  4.73618737e-05  5.08438615e-05  5.21300608e-05
   5.10423650e-05  4.74826263e-05  4.14474739e-05  3.30409857e-05
   2.24842021e-05  1.01204403e-05 -3.58460158e-06 -1.80488712e-05
  -3.25868751e-05 -4.64299889e-05 -5.87543495e-05 -6.87161084e-05
  -7.54933502e-05 -7.83334500e-05 -7.66040767e-05 -6.98454874e-05
  -5.78212241e-05 -4.05638749e-05 -1.84122376e-05  7.96392174e-06
   3.75552379e-05  6.90236151e-05  1.00735303e-04  1.57138776e-03]
 [-3.49528367e-04 -5.26678152e-05 -4.63022265e-05 -3.89912943e-05
  -3.08577756e-05 -2.20608898e-05 -1.27956881e-05 -3.29097759e-06
   6.19437163e-06  1.53768662e-05  2.39556510e-05  3.16215978e-05
   3.80681414e-05  4.30036813e-05  4.61652602e-05  4.73331047e-05
   4.63454976e-05  4.31133225e-05  3.76335187e-05  3.00005872e-05
   2.04152283e-05  9.18916753e-06 -3.25475012e-06 -1.63880321e-05
  -2.95882634e-05 -4.21575477e-05 -5.33478330e-05 -6.23929208e-05
  -6.85465276e-05 -7.11252842e-05 -6.95550462e-05 -6.34183754e-05
  -5.25005728e-05 -3.68312277e-05 -1.67179619e-05  7.23108962e-06
   3.40994425e-05  6.26721310e-05  9.14657410e-05  1.42679023e-03]
 [-3.05498995e-04 -4.60333585e-05 -4.04696299e-05 -3.40796408e-05
  -2.69706849e-05 -1.92819247e-05 -1.11838414e-05 -2.87641988e-06
   5.41407931e-06  1.34398739e-05  2.09380067e-05  2.76382899e-05
   3.32727756e-05  3.75865957e-05  4.03499170e-05  4.13706505e-05
   4.05074502e-05  3.76824256e-05  3.28929015e-05  2.62214747e-05
   1.78435638e-05  8.03162692e-06 -2.84475591e-06 -1.43236653e-05
  -2.58610905e-05 -3.68470478e-05 -4.66277158e-05 -5.45334124e-05
  -5.99118619e-05 -6.21657779e-05 -6.07933395e-05 -5.54296926e-05
  -4.58871833e-05 -3.21916734e-05 -1.46120345e-05  6.32020406e-06
   2.98040056e-05  5.47774511e-05  7.99439890e-05  1.24706039e-03]
 [-2.53947224e-04 -3.82654076e-05 -3.36405367e-05 -2.83288335e-05
  -2.24194863e-05 -1.60281746e-05 -9.29661155e-06 -2.39103515e-06
   4.50047447e-06  1.11719473e-05  1.74047992e-05  2.29744357e-05
   2.76581237e-05  3.12440034e-05  3.35410248e-05  3.43895136e-05
   3.36719750e-05  3.13236623e-05  2.73423518e-05  2.17967025e-05
   1.48325316e-05  6.67632100e-06 -2.36471438e-06 -1.19066023e-05
  -2.14971317e-05 -3.06292513e-05 -3.87594694e-05 -4.53311104e-05
  -4.98019674e-05 -5.16755438e-05 -5.05346991e-05 -4.60761468e-05
  -3.81438989e-05 -2.67594533e-05 -1.21463103e-05  5.25369411e-06
   2.47746951e-05  4.55339685e-05  6.64537507e-05  1.03662378e-03]
 [-1.96142429e-04 -2.95552355e-05 -2.59831018e-05 -2.18804763e-05
  -1.73162456e-05 -1.23797577e-05 -7.18046820e-06 -1.84677523e-06
   3.47605288e-06  8.62893021e-06  1.34430278e-05  1.77448744e-05
   2.13624370e-05  2.41320800e-05  2.59062414e-05  2.65615927e-05
   2.60073840e-05  2.41936065e-05  2.11185427e-05  1.68352231e-05
   1.14562732e-05  5.15662189e-06 -1.82644573e-06 -9.19635921e-06
  -1.66038422e-05 -2.36572610e-05 -2.99368364e-05 -3.50126060e-05
  -3.84657832e-05 -3.99128863e-05 -3.90317266e-05 -3.55880534e-05
  -2.94613852e-05 -2.06683266e-05 -9.38150359e-06  4.05782085e-06
   1.91353495e-05  3.51692885e-05  5.13272005e-05  8.00662057e-04]
 [-1.33507956e-04 -2.01173153e-05 -1.76858768e-05 -1.48933491e-05
  -1.17866215e-05 -8.42651008e-06 -4.88751791e-06 -1.25704157e-06
   2.36603945e-06  5.87344024e-06  9.15024445e-06  1.20783756e-05
   1.45407361e-05  1.64259446e-05  1.76335603e-05  1.80796372e-05
   1.77024049e-05  1.64678238e-05  1.43747250e-05  1.14592046e-05
   7.79792333e-06  3.50994967e-06 -1.24320392e-06 -6.25967126e-06
  -1.13017110e-05 -1.61027503e-05 -2.03770590e-05 -2.38319751e-05
  -2.61824437e-05 -2.71674411e-05 -2.65676635e-05 -2.42236639e-05
  -2.00534344e-05 -1.40682771e-05 -6.38569319e-06  2.76203050e-06
   1.30248280e-05  2.39386239e-05  3.49368043e-05  5.44985374e-04]
 [-6.75860749e-05 -1.01840401e-05 -8.95316671e-06 -7.53949831e-06
  -5.96677157e-06 -4.26577378e-06 -2.47422074e-06 -6.36355413e-07
   1.19776623e-06  2.97332676e-06  4.63215168e-06  6.11446702e-06
   7.36099414e-06  8.31534806e-06  8.92668241e-06  9.15250108e-06
   8.96153377e-06  8.33654864e-06  7.27695390e-06  5.80102253e-06
   3.94756271e-06  1.77685081e-06 -6.29350314e-07 -3.16884942e-06
  -5.72129410e-06 -8.15173658e-06 -1.03155308e-05 -1.20645219e-05
  -1.32544056e-05 -1.37530434e-05 -1.34494164e-05 -1.22628074e-05
  -1.01517015e-05 -7.12181997e-06 -3.23264585e-06  1.39822973e-06
   6.59359210e-06  1.21185109e-05  1.76861480e-05  2.75889343e-04]
 [ 0.00000000e+00  4.31599201e-15  8.67361738e-15  1.73472348e-14
   1.73333570e-14  0.00000000e+00  0.00000000e+00  0.00000000e+00
  -3.46944695e-14  0.00000000e+00  0.00000000e+00  0.00000000e+00
   3.46962042e-14  3.46944695e-14  0.00000000e+00  0.00000000e+00
   3.46944695e-14 -3.46944695e-14  0.00000000e+00  0.00000000e+00
   0.00000000e+00  0.00000000e+00  0.00000000e+00 -5.27355937e-16
  -8.71525074e-15  0.00000000e+00  0.00000000e+00 -3.46944695e-14
   0.00000000e+00  0.00000000e+00  0.00000000e+00  0.00000000e+00
   0.00000000e+00  0.00000000e+00  0.00000000e+00  0.00000000e+00
   3.46944695e-14  0.00000000e+00 -1.73472348e-14 -8.63198402e-15]
 [ 6.75860749e-05  1.01840401e-05  8.95316671e-06  7.53949831e-06
   5.96677157e-06  4.26577378e-06  2.47422074e-06  6.36355413e-07
  -1.19776623e-06 -2.97332676e-06 -4.63215168e-06 -6.11446702e-06
  -7.36099414e-06 -8.31534806e-06 -8.92668241e-06 -9.15250108e-06
  -8.96153377e-06 -8.33654864e-06 -7.27695390e-06 -5.80102253e-06
  -3.94756271e-06 -1.77685081e-06  6.29350314e-07  3.16884942e-06
   5.72129410e-06  8.15173658e-06  1.03155308e-05  1.20645219e-05
   1.32544056e-05  1.37530434e-05  1.34494164e-05  1.22628074e-05
   1.01517015e-05  7.12181997e-06  3.23264585e-06 -1.39822973e-06
  -6.59359210e-06 -1.21185109e-05 -1.76861480e-05 -2.75889343e-04]
 [ 1.33507956e-04  2.01173153e-05  1.76858768e-05  1.48933491e-05
   1.17866215e-05  8.42651006e-06  4.88751791e-06  1.25704161e-06
  -2.36603938e-06 -5.87344028e-06 -9.15024445e-06 -1.20783756e-05
  -1.45407362e-05 -1.64259446e-05 -1.76335603e-05 -1.80796372e-05
  -1.77024049e-05 -1.64678238e-05 -1.43747250e-05 -1.14592047e-05
  -7.79792331e-06 -3.50994966e-06  1.24320392e-06  6.25967127e-06
   1.13017110e-05  1.61027503e-05  2.03770590e-05  2.38319751e-05
   2.61824437e-05  2.71674411e-05  2.65676635e-05  2.42236639e-05
   2.00534344e-05  1.40682772e-05  6.38569322e-06 -2.76203047e-06
  -1.30248281e-05 -2.39386239e-05 -3.49368043e-05 -5.44985374e-04]
 [ 1.96142429e-04  2.95552355e-05  2.59831019e-05  2.18804763e-05
   1.73162456e-05  1.23797577e-05  7.18046823e-06  1.84677520e-06
  -3.47605288e-06 -8.62893017e-06 -1.34430278e-05 -1.77448745e-05
  -2.13624370e-05 -2.41320799e-05 -2.59062414e-05 -2.65615927e-05
  -2.60073840e-05 -2.41936065e-05 -2.11185427e-05 -1.68352231e-05
  -1.14562732e-05 -5.15662190e-06  1.82644572e-06  9.19635920e-06
   1.66038422e-05  2.36572610e-05  2.99368363e-05  3.50126060e-05
   3.84657832e-05  3.99128863e-05  3.90317266e-05  3.55880534e-05
   2.94613851e-05  2.06683266e-05  9.38150363e-06 -4.05782085e-06
  -1.91353495e-05 -3.51692885e-05 -5.13272005e-05 -8.00662057e-04]
 [ 2.53947224e-04  3.82654076e-05  3.36405367e-05  2.83288335e-05
   2.24194863e-05  1.60281746e-05  9.29661154e-06  2.39103515e-06
  -4.50047445e-06 -1.11719473e-05 -1.74047992e-05 -2.29744357e-05
  -2.76581237e-05 -3.12440033e-05 -3.35410248e-05 -3.43895136e-05
  -3.36719750e-05 -3.13236623e-05 -2.73423518e-05 -2.17967025e-05
  -1.48325316e-05 -6.67632098e-06  2.36471440e-06  1.19066023e-05
   2.14971317e-05  3.06292513e-05  3.87594695e-05  4.53311104e-05
   4.98019675e-05  5.16755438e-05  5.05346991e-05  4.60761469e-05
   3.81438989e-05  2.67594533e-05  1.21463103e-05 -5.25369416e-06
  -2.47746951e-05 -4.55339685e-05 -6.64537508e-05 -1.03662378e-03]
 [ 3.05498995e-04  4.60333585e-05  4.04696299e-05  3.40796408e-05
   2.69706849e-05  1.92819247e-05  1.11838415e-05  2.87641990e-06
  -5.41407932e-06 -1.34398739e-05 -2.09380067e-05 -2.76382900e-05
  -3.32727756e-05 -3.75865957e-05 -4.03499170e-05 -4.13706506e-05
  -4.05074502e-05 -3.76824256e-05 -3.28929015e-05 -2.62214748e-05
  -1.78435639e-05 -8.03162694e-06  2.84475588e-06  1.43236653e-05
   2.58610905e-05  3.68470478e-05  4.66277158e-05  5.45334124e-05
   5.99118619e-05  6.21657779e-05  6.07933395e-05  5.54296926e-05
   4.58871833e-05  3.21916734e-05  1.46120345e-05 -6.32020403e-06
  -2.98040055e-05 -5.47774511e-05 -7.99439890e-05 -1.24706039e-03]
 [ 3.49528367e-04  5.26678152e-05  4.63022265e-05  3.89912943e-05
   3.08577756e-05  2.20608897e-05  1.27956881e-05  3.29097759e-06
  -6.19437165e-06 -1.53768663e-05 -2.39556510e-05 -3.16215978e-05
  -3.80681414e-05 -4.30036814e-05 -4.61652602e-05 -4.73331047e-05
  -4.63454976e-05 -4.31133225e-05 -3.76335187e-05 -3.00005872e-05
  -2.04152283e-05 -9.18916751e-06  3.25475014e-06  1.63880321e-05
   2.95882635e-05  4.21575477e-05  5.33478330e-05  6.23929208e-05
   6.85465276e-05  7.11252842e-05  6.95550461e-05  6.34183754e-05
   5.25005729e-05  3.68312277e-05  1.67179619e-05 -7.23108960e-06
  -3.40994425e-05 -6.26721311e-05 -9.14657411e-05 -1.42679023e-03]
 [ 3.84951191e-04  5.80054156e-05  5.09947086e-05  4.29428526e-05
   3.39850455e-05  2.42966425e-05  1.40924624e-05  3.62450053e-06
  -6.82213794e-06 -1.69352291e-05 -2.63834276e-05 -3.48262770e-05
  -4.19261432e-05 -4.73618737e-05 -5.08438615e-05 -5.21300608e-05
  -5.10423650e-05 -4.74826263e-05 -4.14474739e-05 -3.30409857e-05
  -2.24842021e-05 -1.01204403e-05  3.58460160e-06  1.80488712e-05
   3.25868751e-05  4.64299889e-05  5.87543495e-05  6.87161084e-05
   7.54933502e-05  7.83334500e-05  7.66040767e-05  6.98454874e-05
   5.78212241e-05  4.05638749e-05  1.84122376e-05 -7.96392173e-06
  -3.75552380e-05 -6.90236151e-05 -1.00735303e-04 -1.57138776e-03]
 [ 4.10895239e-04  6.19147301e-05  5.44315318e-05  4.58370155e-05
   3.62754909e-05  2.59341313e-05  1.50422335e-05  3.86877621e-06
  -7.28192058e-06 -1.80765904e-05 -2.81615567e-05 -3.71734177e-05
  -4.47517842e-05 -5.05538594e-05 -5.42705182e-05 -5.56434018e-05
  -5.44824000e-05 -5.06827503e-05 -4.42408546e-05 -3.52678055e-05
  -2.39995403e-05 -1.08025143e-05  3.82618823e-06  1.92652872e-05
   3.47830898e-05  4.95591696e-05  6.27141390e-05  7.33472773e-05
   8.05812760e-05  8.36127862e-05  8.17668607e-05  7.45527716e-05
   6.17181249e-05  4.32977049e-05  1.96531429e-05 -8.50065565e-06
  -4.00862988e-05 -7.36755087e-05 -1.07524427e-04 -1.67729251e-03]
 [ 8.53959463e-04  4.97692505e-04  4.90186922e-04  4.75053185e-04
   4.51930136e-04  4.20598501e-04  3.81004769e-04  3.33283553e-04
   2.77777426e-04  2.15053126e-04  1.45913000e-04  7.14004983e-05
  -7.20139727e-06 -8.83798760e-05 -1.70411027e-04 -2.51388290e-04
  -3.29261023e-04 -4.01883249e-04 -4.67072183e-04 -5.22675694e-04
  -5.66647296e-04 -5.97126715e-04 -6.12523504e-04 -6.11600640e-04
  -5.93554535e-04 -5.58087523e-04 -5.05468575e-04 -4.36577962e-04
  -3.52931643e-04 -2.56681549e-04 -1.50588552e-04 -3.79657962e-05
   7.74087470e-05  1.91410196e-04  2.99713203e-04  3.97963175e-04
   4.81966620e-04  5.47893154e-04  5.92479974e-04 -9.83655769e-04]]
